subjID	group	trial	choice	rt	gain	loss
0	hc	0	2	0	0	0
0	hc	1	2	0	0	0
0	hc	2	2	0	1	0
0	hc	3	2	0	0	0
0	hc	4	2	0	0	0
0	hc	5	3	0	0	-1
0	hc	6	1	0	1	0
0	hc	7	1	0	0	0
0	hc	8	1	0	1	0
0	hc	9	1	0	0	0
0	hc	10	1	0	0	-1
0	hc	11	2	0	0	0
0	hc	12	2	0	0	0
0	hc	13	2	0	0	0
0	hc	14	2	0	0	0
0	hc	15	2	0	1	0
0	hc	16	2	0	0	0
0	hc	17	2	0	0	0
0	hc	18	2	0	0	0
0	hc	19	1	0	0	0
0	hc	20	3	0	0	-1
0	hc	21	1	0	1	0
0	hc	22	1	0	0	0
0	hc	23	1	0	0	0
0	hc	24	1	0	0	0
0	hc	25	1	0	0	0
0	hc	26	2	0	0	0
0	hc	27	1	0	0	-1
0	hc	28	2	0	1	0
0	hc	29	2	0	0	0
0	hc	30	2	0	0	0
0	hc	31	1	0	0	0
0	hc	32	2	0	1	0
0	hc	33	2	0	1	0
0	hc	34	2	0	1	0
0	hc	35	2	0	1	0
0	hc	36	2	0	0	0
0	hc	37	2	0	1	0
0	hc	38	2	0	0	0
0	hc	39	2	0	0	0
0	hc	40	1	0	0	0
0	hc	41	1	0	0	0
0	hc	42	1	0	0	0
0	hc	43	2	0	0	0
0	hc	44	2	0	0	-1
0	hc	45	1	0	0	-1
0	hc	46	3	0	0	0
0	hc	47	3	0	0	-1
0	hc	48	1	0	0	0
0	hc	49	1	0	0	0
0	hc	50	1	0	0	0
0	hc	51	1	0	0	0
0	hc	52	1	0	0	-1
0	hc	53	3	0	0	0
0	hc	54	3	0	0	0
0	hc	55	2	0	0	0
0	hc	56	3	0	0	0
0	hc	57	3	0	1	0
0	hc	58	3	0	1	0
0	hc	59	3	0	1	0
0	hc	60	3	0	0	0
0	hc	61	3	0	0	0
0	hc	62	2	0	1	-1
0	hc	63	2	0	0	0
0	hc	64	1	0	0	0
0	hc	65	3	0	0	0
0	hc	66	1	0	0	0
0	hc	67	2	0	0	-1
0	hc	68	3	0	0	0
0	hc	69	1	0	0	-1
0	hc	70	3	0	0	0
0	hc	71	3	0	0	0
0	hc	72	3	0	1	0
0	hc	73	3	0	0	0
0	hc	74	3	0	0	0
0	hc	75	2	0	0	0
0	hc	76	2	0	0	0
0	hc	77	2	0	0	0
0	hc	78	3	0	0	0
0	hc	79	1	0	0	0
0	hc	80	2	0	0	0
0	hc	81	2	0	0	-1
0	hc	82	3	0	0	0
0	hc	83	1	0	0	0
0	hc	84	3	0	0	0
0	hc	85	1	0	0	0
0	hc	86	3	0	0	0
0	hc	87	3	0	0	0
0	hc	88	3	0	1	0
0	hc	89	3	0	0	-1
0	hc	90	2	0	0	0
0	hc	91	2	0	0	0
0	hc	92	2	0	0	0
0	hc	93	1	0	1	0
0	hc	94	1	0	0	0
0	hc	95	1	0	1	0
0	hc	96	1	0	0	0
0	hc	97	2	0	1	0
0	hc	98	2	0	0	0
0	hc	99	1	0	0	0
0	hc	100	1	0	0	-1
0	hc	101	2	0	1	0
0	hc	102	2	0	0	0
0	hc	103	2	0	0	0
0	hc	104	3	0	0	0
0	hc	105	2	0	0	0
0	hc	106	2	0	0	0
0	hc	107	3	0	0	0
0	hc	108	2	0	0	0
0	hc	109	3	0	0	0
0	hc	110	2	0	0	0
0	hc	111	2	0	0	0
0	hc	112	2	0	0	0
0	hc	113	1	0	0	0
0	hc	114	2	0	1	0
0	hc	115	2	0	0	0
0	hc	116	2	0	0	0
0	hc	117	1	0	0	-1
0	hc	118	2	0	1	0
0	hc	119	2	0	0	0
0	hc	120	2	0	0	0
0	hc	121	3	0	0	0
0	hc	122	3	0	0	0
0	hc	123	2	0	0	-1
0	hc	124	3	0	1	-1
0	hc	125	3	0	1	0
0	hc	126	3	0	1	0
0	hc	127	3	0	1	0
0	hc	128	3	0	0	0
0	hc	129	3	0	0	-1
0	hc	130	1	0	0	0
0	hc	131	1	0	0	-1
0	hc	132	2	0	1	-1
0	hc	133	2	0	0	0
0	hc	134	2	0	0	0
0	hc	135	2	0	0	0
0	hc	136	2	0	0	0
0	hc	137	1	0	0	-1
0	hc	138	3	0	1	0
0	hc	139	3	0	0	0
0	hc	140	3	0	0	0
0	hc	141	2	0	0	0
0	hc	142	2	0	0	0
0	hc	143	2	0	0	0
0	hc	144	3	0	0	0
0	hc	145	3	0	0	0
0	hc	146	2	0	0	-1
0	hc	147	3	0	1	-1
0	hc	148	3	0	1	0
0	hc	149	3	0	1	0
0	hc	150	3	0	0	0
0	hc	151	3	0	0	0
0	hc	152	1	0	0	0
0	hc	153	1	0	0	0
0	hc	154	3	0	0	0
0	hc	155	3	0	0	-1
0	hc	156	2	0	0	0
0	hc	157	2	0	1	0
0	hc	158	2	0	0	0
0	hc	159	2	0	0	0
0	hc	160	1	0	0	0
0	hc	161	2	0	0	0
0	hc	162	2	0	0	0
0	hc	163	1	0	0	0
0	hc	164	1	0	0	0
0	hc	165	1	0	0	0
0	hc	166	1	0	1	-1
0	hc	167	1	0	0	0
0	hc	168	1	0	0	0
0	hc	169	2	0	1	0
0	hc	170	2	0	0	0
0	hc	171	3	0	0	0
0	hc	172	1	0	0	0
0	hc	173	2	0	0	0
0	hc	174	1	0	0	0
0	hc	175	2	0	0	0
0	hc	176	1	0	0	0
0	hc	177	3	0	1	-1
0	hc	178	1	0	0	0
0	hc	179	3	0	1	0
0	hc	180	3	0	1	0
0	hc	181	3	0	1	0
0	hc	182	3	0	0	0
0	hc	183	1	0	0	0
0	hc	184	3	0	1	0
0	hc	185	3	0	1	-1
0	hc	186	3	0	1	0
0	hc	187	3	0	1	-1
0	hc	188	3	0	0	0
0	hc	189	2	0	1	0
0	hc	190	2	0	1	0
0	hc	191	2	0	0	-1
0	hc	192	1	0	0	0
0	hc	193	1	0	0	0
0	hc	194	1	0	1	-1
0	hc	195	1	0	0	0
0	hc	196	1	0	1	0
0	hc	197	1	0	0	-1
0	hc	198	2	0	0	0
0	hc	199	2	0	0	0
0	hc	200	2	0	0	0
0	hc	201	2	0	0	0
0	hc	202	3	0	0	0
0	hc	203	2	0	0	0
0	hc	204	2	0	1	0
0	hc	205	2	0	0	-1
0	hc	206	3	0	1	0
0	hc	207	3	0	0	0
0	hc	208	1	0	0	0
0	hc	209	3	0	0	0
0	hc	210	1	0	0	0
0	hc	211	3	0	1	0
0	hc	212	3	0	0	0
0	hc	213	1	0	0	-1
0	hc	214	3	0	0	0
0	hc	215	3	0	0	0
0	hc	216	3	0	0	0
0	hc	217	2	0	0	-1
0	hc	218	3	0	0	0
0	hc	219	3	0	0	0
0	hc	220	3	0	0	0
0	hc	221	3	0	0	0
0	hc	222	3	0	0	0
0	hc	223	3	0	0	0
0	hc	224	1	0	0	0
0	hc	225	1	0	0	-1
0	hc	226	2	0	0	0
0	hc	227	3	0	1	0
0	hc	228	3	0	0	0
0	hc	229	3	0	0	0
0	hc	230	2	0	0	0
0	hc	231	3	0	0	0
0	hc	232	2	0	0	0
0	hc	233	1	0	0	0
0	hc	234	1	0	1	0
0	hc	235	1	0	1	0
0	hc	236	1	0	0	0
0	hc	237	1	0	0	-1
0	hc	238	3	0	1	0
0	hc	239	3	0	0	-1
1	hc	0	3	0	1	-1
1	hc	1	3	0	0	0
1	hc	2	2	0	0	0
1	hc	3	3	0	0	0
1	hc	4	1	0	0	0
1	hc	5	3	0	0	0
1	hc	6	2	0	0	0
1	hc	7	3	0	1	0
1	hc	8	3	0	0	-1
1	hc	9	2	0	0	0
1	hc	10	1	0	0	0
1	hc	11	1	0	1	0
1	hc	12	1	0	0	0
1	hc	13	2	0	1	0
1	hc	14	2	0	0	0
1	hc	15	1	0	0	0
1	hc	16	2	0	0	0
1	hc	17	2	0	0	0
1	hc	18	1	0	0	-1
1	hc	19	3	0	0	0
1	hc	20	2	0	0	0
1	hc	21	2	0	0	0
1	hc	22	3	0	0	-1
1	hc	23	2	0	0	0
1	hc	24	2	0	0	0
1	hc	25	2	0	0	0
1	hc	26	2	0	1	-1
1	hc	27	2	0	1	-1
1	hc	28	2	0	0	0
1	hc	29	2	0	0	0
1	hc	30	1	0	0	0
1	hc	31	2	0	0	0
1	hc	32	2	0	0	0
1	hc	33	3	0	0	-1
1	hc	34	2	0	0	0
1	hc	35	1	0	0	0
1	hc	36	2	0	0	0
1	hc	37	1	0	0	0
1	hc	38	1	0	0	0
1	hc	39	2	0	0	0
1	hc	40	2	0	0	0
1	hc	41	2	0	1	0
1	hc	42	1	0	0	-1
1	hc	43	2	0	0	0
1	hc	44	2	0	0	-1
1	hc	45	3	0	0	0
1	hc	46	3	0	1	0
1	hc	47	3	0	0	0
1	hc	48	3	0	0	0
1	hc	49	3	0	0	0
1	hc	50	3	0	0	0
1	hc	51	3	0	0	0
1	hc	52	3	0	0	0
1	hc	53	2	0	0	-1
1	hc	54	1	0	0	0
1	hc	55	3	0	0	0
1	hc	56	3	0	0	0
1	hc	57	3	0	0	0
1	hc	58	3	0	0	0
1	hc	59	1	0	1	-1
1	hc	60	1	0	0	0
1	hc	61	1	0	1	0
1	hc	62	2	0	0	-1
1	hc	63	1	0	0	0
1	hc	64	3	0	0	0
1	hc	65	1	0	0	-1
1	hc	66	3	0	1	0
1	hc	67	3	0	1	0
1	hc	68	3	0	0	0
1	hc	69	3	0	0	0
1	hc	70	3	0	0	0
1	hc	71	3	0	0	0
1	hc	72	1	0	0	0
1	hc	73	1	0	0	0
1	hc	74	3	0	0	0
1	hc	75	3	0	0	0
1	hc	76	1	0	0	0
1	hc	77	2	0	0	0
1	hc	78	1	0	0	0
1	hc	79	2	0	0	0
1	hc	80	2	0	0	0
1	hc	81	3	0	0	0
1	hc	82	3	0	0	-1
1	hc	83	1	0	0	0
1	hc	84	1	0	0	-1
1	hc	85	2	0	0	0
1	hc	86	2	0	0	0
1	hc	87	2	0	0	0
1	hc	88	1	0	0	0
1	hc	89	2	0	0	0
1	hc	90	2	0	1	0
1	hc	91	2	0	0	0
1	hc	92	2	0	0	0
1	hc	93	3	0	0	0
1	hc	94	1	0	1	0
1	hc	95	1	0	0	0
1	hc	96	1	0	0	0
1	hc	97	1	0	1	0
1	hc	98	1	0	1	0
1	hc	99	1	0	1	-1
1	hc	100	1	0	0	-1
1	hc	101	2	0	0	0
1	hc	102	3	0	1	0
1	hc	103	3	0	0	0
1	hc	104	2	0	0	0
1	hc	105	3	0	0	0
1	hc	106	1	0	0	0
1	hc	107	3	0	0	-1
1	hc	108	1	0	0	0
1	hc	109	1	0	1	0
1	hc	110	1	0	1	0
1	hc	111	1	0	1	0
1	hc	112	1	0	0	0
1	hc	113	1	0	0	0
1	hc	114	2	0	0	0
1	hc	115	3	0	0	0
1	hc	116	2	0	0	0
1	hc	117	3	0	0	0
1	hc	118	2	0	0	0
1	hc	119	3	0	0	0
1	hc	120	1	0	0	-1
1	hc	121	3	0	0	0
1	hc	122	3	0	1	0
1	hc	123	3	0	0	-1
1	hc	124	2	0	0	0
1	hc	125	2	0	0	-1
1	hc	126	3	0	1	0
1	hc	127	3	0	0	0
1	hc	128	3	0	0	0
1	hc	129	1	0	0	0
1	hc	130	3	0	0	-1
1	hc	131	1	0	0	-1
1	hc	132	2	0	0	0
1	hc	133	3	0	1	0
1	hc	134	3	0	1	0
1	hc	135	3	0	1	0
1	hc	136	3	0	0	-1
1	hc	137	2	0	0	0
1	hc	138	1	0	0	0
1	hc	139	2	0	0	0
1	hc	140	1	0	0	0
1	hc	141	2	0	0	0
1	hc	142	1	0	0	-1
1	hc	143	3	0	0	-1
1	hc	144	2	0	0	-1
1	hc	145	1	0	0	-1
1	hc	146	2	0	0	0
1	hc	147	2	0	0	-1
1	hc	148	3	0	0	0
1	hc	149	3	0	1	0
1	hc	150	3	0	0	-1
1	hc	151	1	0	0	0
1	hc	152	1	0	0	0
1	hc	153	1	0	0	0
1	hc	154	2	0	1	0
1	hc	155	2	0	0	0
1	hc	156	2	0	0	0
1	hc	157	1	0	0	0
1	hc	158	1	0	1	0
1	hc	159	1	0	0	0
1	hc	160	1	0	0	0
1	hc	161	3	0	0	-1
1	hc	162	2	0	0	0
1	hc	163	1	0	0	0
1	hc	164	2	0	0	-1
1	hc	165	3	0	1	0
1	hc	166	3	0	0	0
1	hc	167	3	0	0	0
1	hc	168	1	0	0	0
1	hc	169	1	0	0	0
1	hc	170	3	0	0	0
1	hc	171	1	0	0	0
1	hc	172	3	0	0	-1
1	hc	173	1	0	0	0
1	hc	174	2	0	0	0
1	hc	175	2	0	0	-1
1	hc	176	1	0	0	0
1	hc	177	1	0	0	-1
1	hc	178	3	0	1	0
1	hc	179	3	0	1	-1
1	hc	180	3	0	0	-1
1	hc	181	2	0	0	0
1	hc	182	2	0	0	-1
1	hc	183	1	0	0	0
1	hc	184	1	0	0	0
1	hc	185	1	0	0	0
1	hc	186	1	0	1	0
1	hc	187	1	0	0	0
1	hc	188	1	0	1	-1
1	hc	189	1	0	0	-1
1	hc	190	3	0	0	-1
1	hc	191	2	0	1	0
1	hc	192	2	0	0	-1
1	hc	193	3	0	1	0
1	hc	194	3	0	1	0
1	hc	195	3	0	0	0
1	hc	196	3	0	1	0
1	hc	197	3	0	1	-1
1	hc	198	3	0	0	0
1	hc	199	3	0	1	-1
1	hc	200	3	0	0	0
1	hc	201	3	0	0	0
1	hc	202	3	0	0	0
1	hc	203	2	0	0	0
1	hc	204	1	0	0	0
1	hc	205	2	0	0	-1
1	hc	206	3	0	1	0
1	hc	207	3	0	0	0
1	hc	208	3	0	0	0
1	hc	209	3	0	0	0
1	hc	210	1	0	0	-1
1	hc	211	3	0	0	0
1	hc	212	3	0	0	0
1	hc	213	3	0	1	0
1	hc	214	3	0	0	0
1	hc	215	3	0	1	0
1	hc	216	3	0	0	0
1	hc	217	3	0	0	0
1	hc	218	3	0	0	0
1	hc	219	2	0	0	0
1	hc	220	3	0	0	0
1	hc	221	2	0	0	0
1	hc	222	2	0	1	-1
1	hc	223	2	0	0	-1
1	hc	224	3	0	0	0
1	hc	225	1	0	0	0
1	hc	226	3	0	1	0
1	hc	227	3	0	1	0
1	hc	228	3	0	0	0
1	hc	229	1	0	0	0
1	hc	230	1	0	0	0
1	hc	231	3	0	0	0
1	hc	232	1	0	0	0
1	hc	233	1	0	1	-1
1	hc	234	1	0	1	0
1	hc	235	1	0	0	0
1	hc	236	1	0	0	0
1	hc	237	3	0	1	0
1	hc	238	3	0	0	0
1	hc	239	3	0	0	0
2	hc	0	3	0	0	-1
2	hc	1	2	0	0	0
2	hc	2	2	0	1	0
2	hc	3	2	0	0	0
2	hc	4	2	0	0	-1
2	hc	5	1	0	0	0
2	hc	6	1	0	1	0
2	hc	7	1	0	1	0
2	hc	8	1	0	1	0
2	hc	9	1	0	0	0
2	hc	10	1	0	0	0
2	hc	11	3	0	0	0
2	hc	12	1	0	1	0
2	hc	13	1	0	0	0
2	hc	14	1	0	0	0
2	hc	15	3	0	0	0
2	hc	16	3	0	0	0
2	hc	17	1	0	0	0
2	hc	18	2	0	1	0
2	hc	19	2	0	1	0
2	hc	20	2	0	0	-1
2	hc	21	3	0	0	0
2	hc	22	1	0	0	0
2	hc	23	1	0	0	-1
2	hc	24	3	0	1	0
2	hc	25	3	0	0	0
2	hc	26	3	0	1	0
2	hc	27	3	0	0	-1
2	hc	28	1	0	1	-1
2	hc	29	1	0	0	0
2	hc	30	2	0	1	0
2	hc	31	2	0	0	0
2	hc	32	1	0	0	0
2	hc	33	2	0	1	0
2	hc	34	2	0	1	0
2	hc	35	3	0	1	0
2	hc	36	2	0	1	0
2	hc	37	2	0	1	-1
2	hc	38	3	0	0	0
2	hc	39	2	0	1	0
2	hc	40	2	0	0	0
2	hc	41	2	0	0	0
2	hc	42	2	0	0	0
2	hc	43	1	0	0	0
2	hc	44	3	0	0	0
2	hc	45	3	0	0	-1
2	hc	46	2	0	0	0
2	hc	47	1	0	1	0
2	hc	48	1	0	0	0
2	hc	49	1	0	0	0
2	hc	50	1	0	0	-1
2	hc	51	2	0	1	0
2	hc	52	2	0	1	-1
2	hc	53	2	0	0	0
2	hc	54	2	0	0	-1
2	hc	55	3	0	0	0
2	hc	56	3	0	1	0
2	hc	57	3	0	0	0
2	hc	58	3	0	0	0
2	hc	59	3	0	1	-1
2	hc	60	3	0	1	0
2	hc	61	3	0	0	0
2	hc	62	1	0	0	0
2	hc	63	3	0	1	0
2	hc	64	3	0	1	0
2	hc	65	3	0	0	0
2	hc	66	3	0	1	0
2	hc	67	3	0	1	0
2	hc	68	3	0	0	0
2	hc	69	3	0	0	0
2	hc	70	3	0	0	0
2	hc	71	3	0	0	0
2	hc	72	2	0	0	0
2	hc	73	2	0	0	0
2	hc	74	1	0	0	-1
2	hc	75	3	0	0	0
2	hc	76	3	0	0	0
2	hc	77	2	0	0	0
2	hc	78	3	0	1	-1
2	hc	79	3	0	0	0
2	hc	80	2	0	0	0
2	hc	81	2	0	1	0
2	hc	82	2	0	0	0
2	hc	83	2	0	0	0
2	hc	84	2	0	0	0
2	hc	85	3	0	1	0
2	hc	86	3	0	0	0
2	hc	87	2	0	0	0
2	hc	88	2	0	0	0
2	hc	89	3	0	0	0
2	hc	90	1	0	1	0
2	hc	91	1	0	1	0
2	hc	92	1	0	0	0
2	hc	93	1	0	0	0
2	hc	94	1	0	0	0
2	hc	95	1	0	0	0
2	hc	96	2	0	0	0
2	hc	97	3	0	0	0
2	hc	98	2	0	1	0
2	hc	99	2	0	1	0
2	hc	100	2	0	0	0
2	hc	101	2	0	0	0
2	hc	102	3	0	0	0
2	hc	103	1	0	1	-1
2	hc	104	1	0	1	0
2	hc	105	1	0	0	0
2	hc	106	1	0	1	0
2	hc	107	1	0	1	0
2	hc	108	1	0	1	0
2	hc	109	1	0	0	0
2	hc	110	1	0	0	0
2	hc	111	3	0	0	0
2	hc	112	3	0	0	-1
2	hc	113	1	0	0	0
2	hc	114	2	0	0	0
2	hc	115	2	0	0	0
2	hc	116	2	0	1	0
2	hc	117	2	0	0	0
2	hc	118	2	0	0	-1
2	hc	119	1	0	0	0
2	hc	120	1	0	0	0
2	hc	121	3	0	0	0
2	hc	122	3	0	1	-1
2	hc	123	3	0	0	0
2	hc	124	3	0	1	-1
2	hc	125	3	0	0	-1
2	hc	126	1	0	1	-1
2	hc	127	1	0	0	0
2	hc	128	1	0	0	0
2	hc	129	2	0	0	0
2	hc	130	2	0	0	-1
2	hc	131	1	0	0	-1
2	hc	132	3	0	0	0
2	hc	133	3	0	0	0
2	hc	134	3	0	0	0
2	hc	135	3	0	0	0
2	hc	136	3	0	0	0
2	hc	137	3	0	1	0
2	hc	138	3	0	0	0
2	hc	139	3	0	0	0
2	hc	140	3	0	1	-1
2	hc	141	3	0	1	0
2	hc	142	3	0	0	0
2	hc	143	3	0	0	0
2	hc	144	3	0	0	-1
2	hc	145	1	0	0	0
2	hc	146	2	0	0	0
2	hc	147	2	0	0	0
2	hc	148	2	0	0	-1
2	hc	149	1	0	0	0
2	hc	150	1	0	1	0
2	hc	151	1	0	1	0
2	hc	152	1	0	0	0
2	hc	153	1	0	1	0
2	hc	154	1	0	0	0
2	hc	155	1	0	0	0
2	hc	156	1	0	0	0
2	hc	157	3	0	0	0
2	hc	158	1	0	0	0
2	hc	159	1	0	0	0
2	hc	160	1	0	0	-1
2	hc	161	3	0	0	0
2	hc	162	2	0	1	0
2	hc	163	2	0	0	0
2	hc	164	2	0	0	0
2	hc	165	3	0	0	-1
2	hc	166	2	0	0	0
2	hc	167	1	0	0	-1
2	hc	168	2	0	1	0
2	hc	169	2	0	0	-1
2	hc	170	3	0	1	0
2	hc	171	3	0	0	-1
2	hc	172	2	0	0	0
2	hc	173	2	0	0	0
2	hc	174	2	0	0	0
2	hc	175	1	0	0	0
2	hc	176	1	0	0	0
2	hc	177	2	0	0	0
2	hc	178	3	0	1	0
2	hc	179	3	0	1	0
2	hc	180	3	0	0	0
2	hc	181	3	0	0	-1
2	hc	182	1	0	0	0
2	hc	183	2	0	0	0
2	hc	184	2	0	0	-1
2	hc	185	1	0	0	0
2	hc	186	1	0	0	0
2	hc	187	1	0	0	0
2	hc	188	1	0	0	0
2	hc	189	1	0	0	0
2	hc	190	1	0	1	0
2	hc	191	1	0	0	0
2	hc	192	1	0	0	-1
2	hc	193	2	0	0	0
2	hc	194	3	0	0	0
2	hc	195	3	0	0	0
2	hc	196	3	0	1	0
2	hc	197	3	0	1	0
2	hc	198	3	0	0	0
2	hc	199	3	0	0	-1
2	hc	200	2	0	0	0
2	hc	201	1	0	1	0
2	hc	202	1	0	0	-1
2	hc	203	1	0	0	-1
2	hc	204	2	0	0	0
2	hc	205	2	0	0	0
2	hc	206	2	0	0	0
2	hc	207	2	0	0	0
2	hc	208	2	0	0	0
2	hc	209	2	0	0	0
2	hc	210	2	0	0	0
2	hc	211	3	0	0	0
2	hc	212	3	0	0	0
2	hc	213	3	0	1	0
2	hc	214	3	0	0	0
2	hc	215	2	0	0	-1
2	hc	216	3	0	0	0
2	hc	217	1	0	0	-1
2	hc	218	3	0	0	0
2	hc	219	3	0	1	0
2	hc	220	3	0	1	0
2	hc	221	3	0	0	0
2	hc	222	3	0	0	0
2	hc	223	3	0	0	0
2	hc	224	2	0	0	0
2	hc	225	2	0	0	0
2	hc	226	3	0	0	0
2	hc	227	3	0	0	0
2	hc	228	1	0	0	-1
2	hc	229	3	0	0	0
2	hc	230	3	0	0	0
2	hc	231	2	0	0	0
2	hc	232	2	0	0	0
2	hc	233	3	0	0	0
2	hc	234	3	0	0	0
2	hc	235	3	0	0	-1
2	hc	236	1	0	0	0
2	hc	237	1	0	0	0
2	hc	238	1	0	1	-1
2	hc	239	1	0	1	-1
3	hc	0	2	0	0	0
3	hc	1	2	0	0	0
3	hc	2	2	0	1	0
3	hc	3	2	0	0	0
3	hc	4	3	0	0	-1
3	hc	5	1	0	1	0
3	hc	6	1	0	1	0
3	hc	7	1	0	0	0
3	hc	8	2	0	0	-1
3	hc	9	1	0	1	0
3	hc	10	1	0	1	0
3	hc	11	1	0	0	0
3	hc	12	1	0	0	0
3	hc	13	1	0	0	0
3	hc	14	3	0	0	0
3	hc	15	1	0	1	0
3	hc	16	1	0	0	0
3	hc	17	1	0	0	-1
3	hc	18	3	0	0	0
3	hc	19	3	0	1	0
3	hc	20	3	0	0	-1
3	hc	21	2	0	0	0
3	hc	22	2	0	1	0
3	hc	23	2	0	0	0
3	hc	24	2	0	0	-1
3	hc	25	1	0	0	0
3	hc	26	1	0	0	-1
3	hc	27	3	0	0	0
3	hc	28	3	0	0	0
3	hc	29	3	0	0	-1
3	hc	30	2	0	1	0
3	hc	31	2	0	0	0
3	hc	32	2	0	0	0
3	hc	33	2	0	0	-1
3	hc	34	1	0	0	0
3	hc	35	1	0	1	0
3	hc	36	1	0	0	0
3	hc	37	1	0	1	-1
3	hc	38	1	0	0	-1
3	hc	39	3	0	0	0
3	hc	40	3	0	1	0
3	hc	41	3	0	0	0
3	hc	42	3	0	0	0
3	hc	43	3	0	0	0
3	hc	44	3	0	0	0
3	hc	45	3	0	0	0
3	hc	46	1	0	0	-1
3	hc	47	3	0	0	0
3	hc	48	3	0	0	0
3	hc	49	2	0	1	0
3	hc	50	2	0	0	0
3	hc	51	2	0	0	0
3	hc	52	3	0	1	0
3	hc	53	3	0	0	0
3	hc	54	3	0	0	0
3	hc	55	2	0	0	0
3	hc	56	3	0	0	0
3	hc	57	1	0	0	-1
3	hc	58	2	0	0	-1
3	hc	59	3	0	1	-1
3	hc	60	3	0	0	0
3	hc	61	1	0	0	0
3	hc	62	3	0	0	0
3	hc	63	1	0	0	-1
3	hc	64	3	0	0	0
3	hc	65	3	0	0	0
3	hc	66	3	0	1	-1
3	hc	67	3	0	0	0
3	hc	68	3	0	0	0
3	hc	69	3	0	0	0
3	hc	70	3	0	1	0
3	hc	71	3	0	0	0
3	hc	72	2	0	0	0
3	hc	73	3	0	0	0
3	hc	74	2	0	0	-1
3	hc	75	3	0	0	0
3	hc	76	3	0	0	0
3	hc	77	3	0	0	0
3	hc	78	3	0	1	0
3	hc	79	3	0	0	-1
3	hc	80	1	0	0	0
3	hc	81	1	0	0	0
3	hc	82	1	0	0	0
3	hc	83	1	0	0	0
3	hc	84	1	0	0	0
3	hc	85	3	0	0	0
3	hc	86	1	0	0	0
3	hc	87	2	0	0	0
3	hc	88	3	0	0	-1
3	hc	89	2	0	0	0
3	hc	90	1	0	0	0
3	hc	91	2	0	0	0
3	hc	92	2	0	0	0
3	hc	93	2	0	0	0
3	hc	94	2	0	0	0
3	hc	95	1	0	1	0
3	hc	96	1	0	0	0
3	hc	97	1	0	0	0
3	hc	98	1	0	1	0
3	hc	99	1	0	1	0
3	hc	100	1	0	0	-1
3	hc	101	3	0	0	0
3	hc	102	3	0	0	0
3	hc	103	3	0	0	0
3	hc	104	2	0	0	0
3	hc	105	3	0	0	0
3	hc	106	2	0	0	0
3	hc	107	3	0	0	0
3	hc	108	3	0	0	0
3	hc	109	2	0	0	0
3	hc	110	3	0	0	0
3	hc	111	3	0	1	0
3	hc	112	3	0	0	-1
3	hc	113	1	0	0	0
3	hc	114	1	0	0	0
3	hc	115	2	0	0	0
3	hc	116	2	0	0	0
3	hc	117	2	0	0	0
3	hc	118	1	0	0	-1
3	hc	119	3	0	0	0
3	hc	120	3	0	0	0
3	hc	121	2	0	0	0
3	hc	122	3	0	0	-1
3	hc	123	3	0	1	0
3	hc	124	3	0	0	-1
3	hc	125	2	0	0	-1
3	hc	126	1	0	0	-1
3	hc	127	3	0	0	0
3	hc	128	3	0	1	-1
3	hc	129	3	0	0	0
3	hc	130	3	0	0	0
3	hc	131	1	0	0	-1
3	hc	132	3	0	0	0
3	hc	133	2	0	0	0
3	hc	134	2	0	0	0
3	hc	135	3	0	1	0
3	hc	136	3	0	0	0
3	hc	137	2	0	0	0
3	hc	138	3	0	1	0
3	hc	139	3	0	0	0
3	hc	140	3	0	0	0
3	hc	141	2	0	0	0
3	hc	142	1	0	1	0
3	hc	143	1	0	0	0
3	hc	144	2	0	0	0
3	hc	145	2	0	0	-1
3	hc	146	1	0	0	0
3	hc	147	3	0	0	0
3	hc	148	3	0	0	0
3	hc	149	1	0	1	0
3	hc	150	1	0	0	0
3	hc	151	1	0	0	0
3	hc	152	3	0	0	0
3	hc	153	3	0	0	0
3	hc	154	3	0	0	0
3	hc	155	1	0	0	0
3	hc	156	3	0	0	0
3	hc	157	1	0	0	0
3	hc	158	3	0	1	-1
3	hc	159	3	0	0	0
3	hc	160	2	0	0	0
3	hc	161	1	0	0	0
3	hc	162	1	0	0	-1
3	hc	163	2	0	0	0
3	hc	164	3	0	0	0
3	hc	165	3	0	0	0
3	hc	166	2	0	0	0
3	hc	167	2	0	1	0
3	hc	168	2	0	1	0
3	hc	169	2	0	1	0
3	hc	170	2	0	0	0
3	hc	171	2	0	0	-1
3	hc	172	2	0	0	0
3	hc	173	3	0	0	0
3	hc	174	3	0	0	0
3	hc	175	3	0	0	-1
3	hc	176	1	0	0	0
3	hc	177	2	0	0	0
3	hc	178	1	0	0	-1
3	hc	179	2	0	1	0
3	hc	180	2	0	0	0
3	hc	181	2	0	0	-1
3	hc	182	2	0	0	0
3	hc	183	2	0	0	0
3	hc	184	2	0	0	0
3	hc	185	2	0	0	0
3	hc	186	3	0	0	0
3	hc	187	3	0	0	0
3	hc	188	3	0	0	0
3	hc	189	1	0	1	0
3	hc	190	1	0	0	0
3	hc	191	2	0	0	0
3	hc	192	3	0	1	0
3	hc	193	3	0	1	0
3	hc	194	3	0	1	0
3	hc	195	3	0	0	0
3	hc	196	3	0	0	0
3	hc	197	1	0	0	0
3	hc	198	1	0	0	0
3	hc	199	1	0	0	0
3	hc	200	1	0	0	0
3	hc	201	1	0	1	0
3	hc	202	1	0	0	0
3	hc	203	1	0	0	0
3	hc	204	1	0	0	0
3	hc	205	2	0	0	0
3	hc	206	2	0	0	0
3	hc	207	2	0	0	0
3	hc	208	3	0	0	0
3	hc	209	1	0	0	-1
3	hc	210	2	0	0	0
3	hc	211	2	0	0	0
3	hc	212	1	0	0	-1
3	hc	213	3	0	0	0
3	hc	214	2	0	0	0
3	hc	215	3	0	1	0
3	hc	216	3	0	0	0
3	hc	217	3	0	0	0
3	hc	218	3	0	0	0
3	hc	219	3	0	0	0
3	hc	220	3	0	0	0
3	hc	221	3	0	0	0
3	hc	222	3	0	0	0
3	hc	223	3	0	1	0
3	hc	224	3	0	0	0
3	hc	225	3	0	0	0
3	hc	226	1	0	0	-1
3	hc	227	2	0	0	0
3	hc	228	2	0	1	0
3	hc	229	2	0	0	0
3	hc	230	2	0	1	0
3	hc	231	2	0	0	0
3	hc	232	2	0	0	0
3	hc	233	3	0	0	-1
3	hc	234	2	0	0	0
3	hc	235	2	0	0	0
3	hc	236	2	0	0	0
3	hc	237	1	0	0	0
3	hc	238	2	0	0	-1
3	hc	239	1	0	0	-1
4	hc	0	3	0	1	-1
4	hc	1	3	0	0	0
4	hc	2	3	0	0	0
4	hc	3	3	0	0	0
4	hc	4	3	0	0	0
4	hc	5	2	0	0	0
4	hc	6	3	0	0	-1
4	hc	7	1	0	0	0
4	hc	8	1	0	0	0
4	hc	9	1	0	0	0
4	hc	10	2	0	0	0
4	hc	11	2	0	1	0
4	hc	12	2	0	0	0
4	hc	13	2	0	0	0
4	hc	14	1	0	0	0
4	hc	15	3	0	0	0
4	hc	16	3	0	0	0
4	hc	17	2	0	0	0
4	hc	18	1	0	0	0
4	hc	19	1	0	0	-1
4	hc	20	2	0	0	0
4	hc	21	3	0	1	0
4	hc	22	3	0	0	0
4	hc	23	3	0	1	0
4	hc	24	3	0	0	0
4	hc	25	3	0	0	0
4	hc	26	1	0	0	0
4	hc	27	3	0	0	0
4	hc	28	2	0	1	0
4	hc	29	2	0	0	0
4	hc	30	2	0	1	0
4	hc	31	2	0	0	0
4	hc	32	2	0	1	0
4	hc	33	2	0	0	0
4	hc	34	2	0	1	0
4	hc	35	2	0	0	0
4	hc	36	2	0	1	0
4	hc	37	2	0	1	0
4	hc	38	2	0	1	0
4	hc	39	2	0	1	0
4	hc	40	2	0	0	0
4	hc	41	2	0	0	0
4	hc	42	1	0	0	0
4	hc	43	1	0	0	-1
4	hc	44	3	0	0	-1
4	hc	45	2	0	1	-1
4	hc	46	2	0	1	0
4	hc	47	2	0	1	-1
4	hc	48	2	0	0	0
4	hc	49	2	0	0	-1
4	hc	50	1	0	0	0
4	hc	51	1	0	0	0
4	hc	52	3	0	0	0
4	hc	53	3	0	0	0
4	hc	54	1	0	0	0
4	hc	55	1	0	0	-1
4	hc	56	3	0	0	0
4	hc	57	3	0	0	0
4	hc	58	2	0	0	-1
4	hc	59	3	0	1	0
4	hc	60	3	0	0	0
4	hc	61	3	0	0	0
4	hc	62	3	0	0	0
4	hc	63	3	0	0	0
4	hc	64	3	0	1	0
4	hc	65	3	0	1	0
4	hc	66	3	0	0	0
4	hc	67	3	0	1	0
4	hc	68	3	0	1	0
4	hc	69	3	0	1	0
4	hc	70	3	0	1	0
4	hc	71	3	0	0	0
4	hc	72	2	0	1	0
4	hc	73	2	0	0	0
4	hc	74	3	0	0	0
4	hc	75	2	0	0	-1
4	hc	76	1	0	0	0
4	hc	77	3	0	1	0
4	hc	78	3	0	0	0
4	hc	79	3	0	0	0
4	hc	80	1	0	0	0
4	hc	81	1	0	0	0
4	hc	82	3	0	1	0
4	hc	83	3	0	0	-1
4	hc	84	2	0	0	0
4	hc	85	2	0	0	0
4	hc	86	2	0	1	0
4	hc	87	2	0	1	0
4	hc	88	2	0	0	0
4	hc	89	2	0	0	0
4	hc	90	1	0	1	0
4	hc	91	1	0	0	0
4	hc	92	1	0	0	0
4	hc	93	2	0	0	0
4	hc	94	1	0	0	0
4	hc	95	1	0	0	0
4	hc	96	2	0	0	0
4	hc	97	2	0	0	0
4	hc	98	1	0	0	0
4	hc	99	3	0	0	0
4	hc	100	1	0	0	0
4	hc	101	1	0	0	0
4	hc	102	2	0	1	0
4	hc	103	2	0	1	0
4	hc	104	2	0	0	0
4	hc	105	2	0	0	0
4	hc	106	1	0	0	0
4	hc	107	3	0	0	0
4	hc	108	2	0	0	0
4	hc	109	2	0	0	0
4	hc	110	2	0	0	0
4	hc	111	1	0	0	0
4	hc	112	3	0	0	0
4	hc	113	3	0	0	0
4	hc	114	3	0	0	0
4	hc	115	2	0	0	0
4	hc	116	1	0	0	-1
4	hc	117	3	0	0	-1
4	hc	118	2	0	0	-1
4	hc	119	3	0	0	0
4	hc	120	3	0	1	-1
4	hc	121	1	0	1	0
4	hc	122	2	0	0	-1
4	hc	123	1	0	0	0
4	hc	124	3	0	0	-1
4	hc	125	1	0	1	-1
4	hc	126	1	0	1	0
4	hc	127	1	0	1	-1
4	hc	128	1	0	0	0
4	hc	129	2	0	0	-1
4	hc	130	1	0	0	-1
4	hc	131	3	0	0	0
4	hc	132	3	0	0	0
4	hc	133	3	0	1	0
4	hc	134	3	0	1	0
4	hc	135	1	0	0	-1
4	hc	136	3	0	0	0
4	hc	137	3	0	0	0
4	hc	138	3	0	0	0
4	hc	139	3	0	0	0
4	hc	140	3	0	1	0
4	hc	141	3	0	0	0
4	hc	142	3	0	0	-1
4	hc	143	1	0	0	0
4	hc	144	1	0	0	0
4	hc	145	1	0	1	0
4	hc	146	1	0	1	0
4	hc	147	1	0	0	0
4	hc	148	2	0	1	0
4	hc	149	2	0	0	0
4	hc	150	3	0	1	0
4	hc	151	3	0	1	0
4	hc	152	3	0	0	0
4	hc	153	3	0	1	0
4	hc	154	3	0	0	0
4	hc	155	1	0	1	0
4	hc	156	1	0	0	0
4	hc	157	1	0	0	0
4	hc	158	3	0	0	0
4	hc	159	3	0	0	0
4	hc	160	3	0	1	0
4	hc	161	3	0	0	-1
4	hc	162	1	0	0	0
4	hc	163	1	0	0	0
4	hc	164	2	0	0	0
4	hc	165	2	0	1	0
4	hc	166	2	0	1	0
4	hc	167	2	0	1	0
4	hc	168	2	0	0	0
4	hc	169	2	0	0	0
4	hc	170	1	0	0	-1
4	hc	171	3	0	0	-1
4	hc	172	2	0	0	0
4	hc	173	2	0	0	0
4	hc	174	1	0	0	-1
4	hc	175	2	0	0	0
4	hc	176	2	0	0	0
4	hc	177	2	0	0	0
4	hc	178	2	0	0	0
4	hc	179	3	0	0	0
4	hc	180	2	0	0	-1
4	hc	181	3	0	0	0
4	hc	182	3	0	0	-1
4	hc	183	1	0	0	0
4	hc	184	1	0	0	0
4	hc	185	1	0	0	0
4	hc	186	1	0	1	0
4	hc	187	1	0	0	0
4	hc	188	1	0	0	0
4	hc	189	1	0	1	0
4	hc	190	1	0	0	-1
4	hc	191	2	0	0	0
4	hc	192	2	0	1	-1
4	hc	193	2	0	0	-1
4	hc	194	3	0	0	0
4	hc	195	3	0	1	0
4	hc	196	3	0	0	0
4	hc	197	3	0	0	0
4	hc	198	3	0	0	0
4	hc	199	3	0	1	0
4	hc	200	3	0	0	0
4	hc	201	3	0	0	0
4	hc	202	3	0	0	0
4	hc	203	3	0	0	0
4	hc	204	2	0	0	0
4	hc	205	2	0	1	0
4	hc	206	2	0	0	0
4	hc	207	2	0	0	0
4	hc	208	3	0	0	0
4	hc	209	1	0	0	-1
4	hc	210	2	0	0	0
4	hc	211	3	0	0	0
4	hc	212	3	0	0	0
4	hc	213	3	0	0	0
4	hc	214	2	0	0	0
4	hc	215	2	0	0	-1
4	hc	216	1	0	0	-1
4	hc	217	3	0	0	0
4	hc	218	3	0	0	0
4	hc	219	3	0	0	0
4	hc	220	3	0	0	0
4	hc	221	3	0	0	0
4	hc	222	3	0	0	0
4	hc	223	3	0	1	0
4	hc	224	3	0	0	0
4	hc	225	3	0	0	0
4	hc	226	3	0	0	0
4	hc	227	3	0	0	-1
4	hc	228	2	0	0	0
4	hc	229	1	0	0	-1
4	hc	230	2	0	0	0
4	hc	231	2	0	1	0
4	hc	232	2	0	0	0
4	hc	233	2	0	0	0
4	hc	234	1	0	0	-1
4	hc	235	2	0	0	0
4	hc	236	2	0	0	0
4	hc	237	3	0	1	0
4	hc	238	3	0	1	-1
4	hc	239	3	0	0	0
