subjID	group	trial	choice	rt	gain	loss
0	pt	0	1	0	1	0
0	pt	1	1	0	1	0
0	pt	2	1	0	0	0
0	pt	3	3	0	0	0
0	pt	4	3	0	0	0
0	pt	5	1	0	0	0
0	pt	6	1	0	1	0
0	pt	7	1	0	0	0
0	pt	8	2	0	0	0
0	pt	9	2	0	0	0
0	pt	10	3	0	0	0
0	pt	11	3	0	1	0
0	pt	12	3	0	0	0
0	pt	13	2	0	0	0
0	pt	14	2	0	1	0
0	pt	15	1	0	0	-1
0	pt	16	2	0	0	0
0	pt	17	2	0	1	-1
0	pt	18	3	0	0	0
0	pt	19	1	0	0	0
0	pt	20	2	0	0	-1
0	pt	21	3	0	0	0
0	pt	22	1	0	0	-1
0	pt	23	3	0	0	0
0	pt	24	3	0	0	0
0	pt	25	1	0	0	0
0	pt	26	3	0	0	0
0	pt	27	3	0	1	0
0	pt	28	2	0	0	-1
0	pt	29	3	0	0	0
0	pt	30	3	0	0	0
0	pt	31	3	0	1	0
0	pt	32	3	0	1	0
0	pt	33	2	0	0	0
0	pt	34	2	0	0	0
0	pt	35	3	0	0	0
0	pt	36	2	0	1	0
0	pt	37	1	0	0	0
0	pt	38	2	0	1	0
0	pt	39	1	0	0	0
0	pt	40	1	0	0	0
0	pt	41	1	0	0	0
0	pt	42	1	0	0	0
0	pt	43	2	0	1	-1
0	pt	44	1	0	0	0
0	pt	45	1	0	1	0
0	pt	46	3	0	0	0
0	pt	47	1	0	0	0
0	pt	48	1	0	0	0
0	pt	49	2	0	0	0
0	pt	50	1	0	0	0
0	pt	51	1	0	0	0
0	pt	52	2	0	0	-1
0	pt	53	3	0	0	0
0	pt	54	1	0	0	0
0	pt	55	2	0	0	0
0	pt	56	2	0	0	-1
0	pt	57	3	0	0	-1
0	pt	58	1	0	0	-1
0	pt	59	3	0	0	0
0	pt	60	2	0	0	0
0	pt	61	1	0	1	0
0	pt	62	3	0	0	0
0	pt	63	2	0	1	0
0	pt	64	3	0	1	0
0	pt	65	2	0	0	0
0	pt	66	2	0	0	-1
0	pt	67	3	0	1	0
0	pt	68	3	0	1	0
0	pt	69	1	0	0	-1
0	pt	70	3	0	0	0
0	pt	71	3	0	1	0
0	pt	72	3	0	1	0
0	pt	73	1	0	0	0
0	pt	74	3	0	0	0
0	pt	75	3	0	0	0
0	pt	76	3	0	0	-1
0	pt	77	2	0	0	0
0	pt	78	1	0	0	-1
0	pt	79	2	0	0	0
0	pt	80	3	0	0	0
0	pt	81	3	0	0	0
0	pt	82	2	0	0	0
0	pt	83	2	0	0	0
0	pt	84	1	0	0	0
0	pt	85	1	0	0	0
0	pt	86	1	0	0	0
0	pt	87	3	0	0	0
0	pt	88	1	0	0	0
0	pt	89	2	0	0	0
0	pt	90	1	0	1	-1
0	pt	91	3	0	0	0
0	pt	92	3	0	1	0
0	pt	93	3	0	0	0
0	pt	94	2	0	0	0
0	pt	95	3	0	0	0
0	pt	96	2	0	0	0
0	pt	97	2	0	0	0
0	pt	98	1	0	0	0
0	pt	99	1	0	1	0
1	pt	0	3	0	0	0
1	pt	1	3	0	1	0
1	pt	2	3	0	0	0
1	pt	3	2	0	0	0
1	pt	4	3	0	0	0
1	pt	5	1	0	1	0
1	pt	6	2	0	0	0
1	pt	7	1	0	0	0
1	pt	8	1	0	0	0
1	pt	9	2	0	0	0
1	pt	10	1	0	0	0
1	pt	11	1	0	0	0
1	pt	12	1	0	0	0
1	pt	13	2	0	0	0
1	pt	14	2	0	0	0
1	pt	15	1	0	1	0
1	pt	16	3	0	1	0
1	pt	17	2	0	1	0
1	pt	18	1	0	0	0
1	pt	19	2	0	0	0
1	pt	20	1	0	0	0
1	pt	21	2	0	1	0
1	pt	22	3	0	1	0
1	pt	23	1	0	0	0
1	pt	24	3	0	1	0
1	pt	25	1	0	0	-1
1	pt	26	2	0	0	0
1	pt	27	2	0	0	-1
1	pt	28	3	0	0	0
1	pt	29	2	0	0	0
1	pt	30	3	0	0	0
1	pt	31	2	0	0	0
1	pt	32	2	0	0	0
1	pt	33	2	0	1	0
1	pt	34	2	0	1	0
1	pt	35	1	0	0	0
1	pt	36	1	0	0	0
1	pt	37	3	0	0	0
1	pt	38	2	0	1	0
1	pt	39	3	0	0	0
1	pt	40	3	0	1	0
1	pt	41	3	0	0	0
1	pt	42	1	0	1	0
1	pt	43	2	0	1	0
1	pt	44	2	0	0	0
1	pt	45	3	0	0	0
1	pt	46	2	0	0	0
1	pt	47	2	0	0	-1
1	pt	48	1	0	0	0
1	pt	49	3	0	0	0
1	pt	50	1	0	0	0
1	pt	51	3	0	0	0
1	pt	52	3	0	1	0
1	pt	53	3	0	1	0
1	pt	54	1	0	0	0
1	pt	55	2	0	0	-1
1	pt	56	3	0	1	0
1	pt	57	1	0	1	-1
1	pt	58	3	0	1	0
1	pt	59	2	0	0	-1
1	pt	60	3	0	0	0
1	pt	61	3	0	1	0
1	pt	62	3	0	0	0
1	pt	63	2	0	0	0
1	pt	64	2	0	0	0
1	pt	65	1	0	0	-1
1	pt	66	3	0	1	0
1	pt	67	3	0	0	0
1	pt	68	2	0	0	0
1	pt	69	3	0	0	0
1	pt	70	2	0	0	0
1	pt	71	3	0	0	0
1	pt	72	1	0	0	-1
1	pt	73	2	0	0	0
1	pt	74	2	0	0	0
1	pt	75	3	0	1	0
1	pt	76	1	0	0	0
1	pt	77	2	0	0	-1
1	pt	78	3	0	0	0
1	pt	79	3	0	0	0
1	pt	80	3	0	0	0
1	pt	81	2	0	0	0
1	pt	82	1	0	0	-1
1	pt	83	2	0	0	0
1	pt	84	3	0	0	0
1	pt	85	3	0	0	0
1	pt	86	2	0	0	0
1	pt	87	2	0	0	0
1	pt	88	2	0	0	0
1	pt	89	2	0	1	0
1	pt	90	3	0	0	0
1	pt	91	1	0	0	0
1	pt	92	1	0	0	-1
1	pt	93	3	0	0	0
1	pt	94	2	0	0	0
1	pt	95	3	0	0	-1
1	pt	96	2	0	0	0
1	pt	97	2	0	0	0
1	pt	98	1	0	0	0
1	pt	99	1	0	0	0
2	pt	0	1	0	1	0
2	pt	1	1	0	1	0
2	pt	2	3	0	0	0
2	pt	3	1	0	1	0
2	pt	4	1	0	1	0
2	pt	5	3	0	0	0
2	pt	6	2	0	0	-1
2	pt	7	1	0	1	0
2	pt	8	3	0	0	0
2	pt	9	2	0	0	0
2	pt	10	2	0	0	0
2	pt	11	1	0	0	0
2	pt	12	3	0	1	0
2	pt	13	2	0	0	0
2	pt	14	3	0	0	0
2	pt	15	3	0	0	0
2	pt	16	1	0	0	0
2	pt	17	2	0	0	0
2	pt	18	3	0	0	0
2	pt	19	2	0	0	0
2	pt	20	2	0	0	0
2	pt	21	1	0	0	0
2	pt	22	3	0	0	0
2	pt	23	2	0	1	0
2	pt	24	3	0	0	0
2	pt	25	1	0	1	0
2	pt	26	3	0	0	0
2	pt	27	2	0	0	0
2	pt	28	3	0	1	0
2	pt	29	1	0	1	0
2	pt	30	1	0	0	0
2	pt	31	1	0	0	0
2	pt	32	2	0	0	0
2	pt	33	2	0	1	0
2	pt	34	1	0	1	0
2	pt	35	3	0	1	0
2	pt	36	3	0	0	-1
2	pt	37	2	0	0	0
2	pt	38	1	0	0	0
2	pt	39	2	0	1	0
2	pt	40	2	0	0	-1
2	pt	41	1	0	1	0
2	pt	42	3	0	0	0
2	pt	43	3	0	0	0
2	pt	44	1	0	0	0
2	pt	45	3	0	0	-1
2	pt	46	1	0	0	-1
2	pt	47	3	0	0	0
2	pt	48	3	0	0	0
2	pt	49	3	0	0	0
2	pt	50	3	0	0	0
2	pt	51	3	0	0	0
2	pt	52	1	0	0	-1
2	pt	53	2	0	0	-1
2	pt	54	3	0	1	0
2	pt	55	3	0	0	0
2	pt	56	3	0	1	0
2	pt	57	3	0	1	0
2	pt	58	3	0	1	0
2	pt	59	3	0	0	0
2	pt	60	1	0	0	0
2	pt	61	2	0	0	-1
2	pt	62	1	0	0	0
2	pt	63	1	0	0	0
2	pt	64	2	0	0	-1
2	pt	65	1	0	0	-1
2	pt	66	3	0	0	0
2	pt	67	3	0	0	0
2	pt	68	2	0	0	-1
2	pt	69	3	0	0	0
2	pt	70	1	0	1	-1
2	pt	71	3	0	0	0
2	pt	72	3	0	0	0
2	pt	73	3	0	0	0
2	pt	74	3	0	0	0
2	pt	75	2	0	0	0
2	pt	76	2	0	0	0
2	pt	77	2	0	0	0
2	pt	78	2	0	0	0
2	pt	79	2	0	0	0
2	pt	80	2	0	0	0
2	pt	81	1	0	0	-1
2	pt	82	3	0	0	0
2	pt	83	1	0	0	0
2	pt	84	2	0	0	0
2	pt	85	2	0	0	0
2	pt	86	3	0	0	0
2	pt	87	3	0	0	0
2	pt	88	1	0	0	0
2	pt	89	1	0	0	0
2	pt	90	1	0	0	0
2	pt	91	2	0	0	0
2	pt	92	1	0	1	0
2	pt	93	1	0	0	0
2	pt	94	3	0	0	0
2	pt	95	1	0	0	0
2	pt	96	2	0	0	0
2	pt	97	3	0	0	0
2	pt	98	2	0	1	0
2	pt	99	1	0	1	-1
3	pt	0	1	0	0	0
3	pt	1	3	0	0	-1
3	pt	2	2	0	1	0
3	pt	3	2	0	0	0
3	pt	4	1	0	1	0
3	pt	5	1	0	1	0
3	pt	6	1	0	0	0
3	pt	7	1	0	1	0
3	pt	8	1	0	1	0
3	pt	9	1	0	0	0
3	pt	10	1	0	1	0
3	pt	11	3	0	0	0
3	pt	12	2	0	0	0
3	pt	13	2	0	0	0
3	pt	14	3	0	0	0
3	pt	15	2	0	0	0
3	pt	16	3	0	0	0
3	pt	17	3	0	0	0
3	pt	18	1	0	0	0
3	pt	19	2	0	0	0
3	pt	20	3	0	1	0
3	pt	21	1	0	0	0
3	pt	22	1	0	1	-1
3	pt	23	2	0	0	0
3	pt	24	3	0	0	0
3	pt	25	1	0	0	0
3	pt	26	1	0	0	0
3	pt	27	2	0	0	0
3	pt	28	3	0	1	0
3	pt	29	3	0	0	0
3	pt	30	2	0	1	-1
3	pt	31	3	0	0	0
3	pt	32	1	0	1	-1
3	pt	33	3	0	0	0
3	pt	34	2	0	0	0
3	pt	35	3	0	1	0
3	pt	36	1	0	0	0
3	pt	37	3	0	0	0
3	pt	38	3	0	0	0
3	pt	39	2	0	1	0
3	pt	40	2	0	0	0
3	pt	41	1	0	1	0
3	pt	42	1	0	0	0
3	pt	43	3	0	0	0
3	pt	44	3	0	0	0
3	pt	45	1	0	0	0
3	pt	46	1	0	0	0
3	pt	47	1	0	0	0
3	pt	48	1	0	0	0
3	pt	49	3	0	0	0
3	pt	50	2	0	0	-1
3	pt	51	1	0	0	0
3	pt	52	3	0	0	0
3	pt	53	1	0	0	0
3	pt	54	3	0	0	0
3	pt	55	3	0	0	-1
3	pt	56	2	0	0	0
3	pt	57	1	0	0	0
3	pt	58	2	0	0	0
3	pt	59	1	0	0	-1
3	pt	60	1	0	1	0
3	pt	61	2	0	0	0
3	pt	62	3	0	1	0
3	pt	63	2	0	0	-1
3	pt	64	1	0	0	-1
3	pt	65	3	0	1	0
3	pt	66	3	0	0	0
3	pt	67	3	0	0	-1
3	pt	68	3	0	0	0
3	pt	69	1	0	0	-1
3	pt	70	2	0	0	0
3	pt	71	3	0	1	0
3	pt	72	3	0	0	0
3	pt	73	2	0	1	0
3	pt	74	1	0	0	0
3	pt	75	2	0	0	0
3	pt	76	2	0	0	0
3	pt	77	2	0	0	0
3	pt	78	1	0	0	0
3	pt	79	1	0	0	-1
3	pt	80	2	0	0	-1
3	pt	81	3	0	1	0
3	pt	82	3	0	0	0
3	pt	83	3	0	0	0
3	pt	84	2	0	0	0
3	pt	85	1	0	0	0
3	pt	86	1	0	1	0
3	pt	87	3	0	0	0
3	pt	88	1	0	0	0
3	pt	89	1	0	0	0
3	pt	90	1	0	0	0
3	pt	91	2	0	0	0
3	pt	92	2	0	0	0
3	pt	93	1	0	0	0
3	pt	94	3	0	0	0
3	pt	95	3	0	0	-1
3	pt	96	1	0	0	0
3	pt	97	3	0	0	0
3	pt	98	2	0	0	0
3	pt	99	1	0	0	0
4	pt	0	3	0	0	0
4	pt	1	3	0	0	0
4	pt	2	3	0	0	-1
4	pt	3	1	0	1	0
4	pt	4	1	0	0	0
4	pt	5	2	0	0	0
4	pt	6	2	0	0	0
4	pt	7	1	0	0	0
4	pt	8	3	0	0	0
4	pt	9	3	0	1	0
4	pt	10	3	0	1	0
4	pt	11	2	0	0	0
4	pt	12	2	0	1	0
4	pt	13	3	0	1	0
4	pt	14	3	0	0	0
4	pt	15	1	0	0	0
4	pt	16	3	0	0	0
4	pt	17	1	0	0	-1
4	pt	18	2	0	0	-1
4	pt	19	3	0	0	0
4	pt	20	3	0	0	-1
4	pt	21	2	0	0	0
4	pt	22	1	0	1	-1
4	pt	23	2	0	1	0
4	pt	24	2	0	0	0
4	pt	25	1	0	0	-1
4	pt	26	3	0	0	0
4	pt	27	3	0	0	0
4	pt	28	2	0	0	0
4	pt	29	3	0	0	0
4	pt	30	3	0	0	0
4	pt	31	1	0	1	0
4	pt	32	2	0	0	0
4	pt	33	1	0	0	0
4	pt	34	3	0	1	-1
4	pt	35	1	0	0	0
4	pt	36	2	0	0	0
4	pt	37	2	0	1	-1
4	pt	38	2	0	1	0
4	pt	39	1	0	0	0
4	pt	40	1	0	0	0
4	pt	41	1	0	0	0
4	pt	42	3	0	0	0
4	pt	43	3	0	0	-1
4	pt	44	1	0	0	0
4	pt	45	2	0	1	-1
4	pt	46	1	0	1	0
4	pt	47	1	0	0	-1
4	pt	48	3	0	0	0
4	pt	49	2	0	0	0
4	pt	50	3	0	0	0
4	pt	51	2	0	0	0
4	pt	52	3	0	0	0
4	pt	53	3	0	1	0
4	pt	54	3	0	0	0
4	pt	55	2	0	0	0
4	pt	56	1	0	0	0
4	pt	57	1	0	0	-1
4	pt	58	2	0	1	-1
4	pt	59	1	0	1	0
4	pt	60	3	0	1	0
4	pt	61	3	0	1	0
4	pt	62	1	0	1	0
4	pt	63	3	0	0	0
4	pt	64	1	0	0	0
4	pt	65	1	0	0	-1
4	pt	66	3	0	0	0
4	pt	67	3	0	0	0
4	pt	68	2	0	0	0
4	pt	69	3	0	0	0
4	pt	70	1	0	0	-1
4	pt	71	2	0	0	0
4	pt	72	2	0	0	0
4	pt	73	1	0	0	0
4	pt	74	2	0	0	0
4	pt	75	2	0	0	0
4	pt	76	3	0	0	-1
4	pt	77	1	0	0	0
4	pt	78	1	0	0	0
4	pt	79	2	0	0	0
4	pt	80	3	0	0	0
4	pt	81	1	0	1	0
4	pt	82	3	0	0	0
4	pt	83	1	0	1	0
4	pt	84	3	0	0	0
4	pt	85	1	0	0	0
4	pt	86	3	0	0	0
4	pt	87	2	0	0	0
4	pt	88	2	0	0	0
4	pt	89	3	0	0	0
4	pt	90	3	0	0	0
4	pt	91	3	0	0	0
4	pt	92	1	0	0	0
4	pt	93	2	0	0	0
4	pt	94	2	0	0	0
4	pt	95	2	0	0	0
4	pt	96	2	0	0	0
4	pt	97	1	0	0	0
4	pt	98	1	0	0	0
4	pt	99	1	0	0	0
